612
62
252
257
256
570
909
393
449
466
550
944
538
15
414
525
288
187
313
546
924
246
117
693
325
271
993
243
523
67
780
363
57
859
310
355
65
611
30
107
464
446
782
81
867
511
502
40
396
543
448
532
520
475
7
366
945
558
932
985
577
666
870
382
686
186
887
679
705
58
460
677
156
206
82
478
463
35
826
814
768
952
847
979
619
247
843
581
852
944
410
506
679
45
529
798
575
400
395
680
623
823
335
337
83
770
375
314
393
528
902
909
731
117
216
625
819
891
763
438
343
305
827
760
648
953
998
111
676
284
903
63
639
145
190
945
616
509
895
848
872
529
188
323
41
500
774
561
829
904
979
684
637
957
337
318
995
574
688
129
771
264
637
108
624
838
270
586
926
270
8
309
995
914
565
814
116
503
719
148
178
437
281
772
304
219
426
682
808
871
950
42
821
765
76
608
891
79
699
203
230
188
634
559
896
670
688
722
391
523
202
491
855
540
951
334
982
865
804
405
412
587
777
54
319
966
487
229
838
957
922
36
804
516
917
990
802
722
875
634
530
704
291
285
669
458
186
280
814
741
626
26
275
293
790
643
410
580
239
929
182
458
883
433
600
165
687
339
622
961
532
259
989
169
875
708
295
492
385
861
779
207
415
96
331
896
760
511
725
274
579
221
483
946
452
71
820
857
684
503
771
847
658
853
208
366
36
106
418
82
347
917
194
378
150
975
43
787
102
704
404
176
614
347
381
310
776
43
716
803
887
437
808
881
89
932
548
561
887
964
859
654
92
642
927
661
27
105
795
477
27
32
755
979
98
595
232
310
471
898
589
993
389
614
194
909
109
313
288
